X Y RA DEC F200W
182.32193286789357 1491.59132673003 53.14385714815411 -27.81354187913432 11092.9833984375
1397.7502070593218 1399.6614644812544 53.13240556400866 -27.814308143139048 6625.84912109375
1811.8466925901878 49.20345130890928 53.128503220224914 -27.825561805978747 3576.3310546875
975.5523553937281 1123.6214029364585 53.13638347839222 -27.816608520891737 3488.3525390625
762.0257664275402 413.74691595003355 53.13839548103168 -27.822524120404218 2892.879638671875
1935.4854752536007 1893.3948558518048 53.12733940306845 -27.8101934773358 2687.180419921875
1195.9622808523645 1592.9315256422374 53.13430681311279 -27.812697594510276 2678.51953125
887.2993658016501 1228.946301554332 53.13721499618335 -27.815730808179396 2593.58984375
48.57689901883555 1926.8921093004744 53.145116964202444 -27.80991429500076 1985.2576904296875
1870.9150105663362 153.02874477543855 53.12794669052847 -27.82469656433713 1868.652099609375
1010.7292718940525 1485.177413842739 53.13605203461427 -27.81359555483409 997.3939819335938
1778.36835304661 2034.0400614896698 53.12881976501943 -27.80902151765091 923.339111328125
1608.7123843236627 1366.527808347272 53.13041788608529 -27.814584192292973 905.9381103515625
1406.692724934808 1798.3660080604895 53.13232141884175 -27.81098560314395 809.5197143554688
302.9833495211169 466.56879794660836 53.142720831129054 -27.822083793746206 789.469482421875
361.55334856201125 1456.6962729404731 53.14216847684866 -27.813832757432934 769.0083618164062
2035.544425874234 892.0526575350617 53.12639596132193 -27.81853793399418 746.5419921875
894.159186314111 1295.6279264332654 53.13715035655356 -27.815175128557456 700.689208984375
773.1288119849171 1989.5885742675512 53.13829057552089 -27.80939210848345 665.5238647460938
1503.3443689646172 1316.056395250435 53.13141063770899 -27.81500482324543 591.398681640625
1763.1627208774369 468.0381462882034 53.12896218700751 -27.82207154070288 577.6536254882812
1219.92372187176 1214.6820563719828 53.134081000647754 -27.815849670590723 556.378173828125
442.33442563851247 24.669188818011094 53.14140797150011 -27.82576634847973 545.7890625
1541.9038935125513 279.1515257694565 53.131046943197255 -27.82364568480638 541.2824096679688
2046.3979802686163 1363.9362745158558 53.12629404510645 -27.814605563518345 489.4419250488281
150.98958421696045 768.654632868057 53.144152812570795 -27.819566334338163 484.6767578125
368.58058819808616 717.230983683175 53.14210261764641 -27.819994971095255 465.2862243652344
1746.7299950857555 512.2071232086087 53.12911704861019 -27.8217034735829 446.846923828125
822.7899729379579 111.91934263662893 53.13782296752981 -27.825039359150587 438.87274169921875
1494.332794680618 2017.2725924610818 53.131495782824985 -27.809161357745108 433.74761962890625
256.60963264599 1246.9669544452393 53.143157357768004 -27.81558045376341 430.9410705566406
413.1965282393719 1121.1266085111743 53.141682050456254 -27.816629192306372 426.5308532714844
966.4546212772073 81.86155884874404 53.13646924147207 -27.82528985256788 384.86505126953125
943.174203550727 540.4549746739368 53.136688582552196 -27.82146823978182 384.3624267578125
1397.8817269937224 2019.91625949598 53.13240449250331 -27.80913935321385 349.391845703125
748.2829990497994 573.5832637649321 53.13852494190108 -27.82119214848517 338.998046875
1776.2696550966907 1043.8140118017743 53.12883899919372 -27.817273402285316 322.2507019042969
174.17751896197308 949.7193618333519 53.14393421639773 -27.81805747438739 320.76300048828125
795.4992593550403 1947.9169260129092 53.138079819893015 -27.809739375639907 310.68243408203125
529.0138281115067 1141.675687015822 53.14059080110329 -27.816457990935252 286.5830383300781
1617.3969673122417 315.60295642491553 53.13033560970492 -27.82334189605626 271.044921875
653.3490218628755 142.175028893761 53.1394195723997 -27.824787197443648 268.9938049316406
899.1495735622689 407.0104242680924 53.13710341748478 -27.822580274798664 268.2569885253906
1619.5337501641845 142.4962459302791 53.13031540093174 -27.824784451138243 261.9953308105469
369.3621358205485 1167.7695370596975 53.14209504033713 -27.8162404835015 251.2696533203125
1086.6752811398048 1368.3233505238427 53.13533647852967 -27.81456933749211 248.24110412597656
652.2381665086123 1734.2281784149664 53.13942961181386 -27.811520087686667 245.01112365722656
1107.7916409074812 1943.657880289506 53.13513755673635 -27.80977488213234 241.78167724609375
759.3437069207855 1149.0720264337726 53.138420612313084 -27.816396410717722 217.9842987060547
843.1844934172492 1334.5104310806257 53.13763063361589 -27.814851102623145 215.71328735351562
1965.61714743234 150.38273819905442 53.12705432958925 -27.824718560215725 210.6448974609375
1110.7765164940517 1929.7906550515354 53.135109433849685 -27.809890442177874 205.15341186523438
1332.2555715212022 938.2485526984791 53.1330225448829 -27.818153265009844 204.5206756591797
1669.137265967785 1500.7029080446505 53.129848630211164 -27.813466042713404 202.62002563476562
1264.5364559750594 1462.4477016950718 53.13366070118105 -27.81378495066017 197.02044677734375
980.8850825821518 230.10252112522005 53.13633326077773 -27.824054511699977 187.7600555419922
47.79377452889719 1261.504733090622 53.14512481205008 -27.815459189200055 185.01730346679688
489.63964393694846 3.1179846114130214 53.140962227899095 -27.825945958730454 184.95501708984375
665.9726459569415 1715.4831386156502 53.1393002151365 -27.811676299553916 177.0945587158203
1819.340024597818 1850.863043322976 53.128433647616745 -27.81054797246674 171.31680297851562
1068.293697391552 8.808191955684492 53.135509624793364 -27.825898631044634 169.68235778808594
884.2922705519792 711.4989088810387 53.13724338136819 -27.820042869515817 167.51864624023438
390.7130717605082 76.99246727976367 53.14189436994213 -27.825330301109183 166.6385498046875
1513.923658241833 1188.2485404945999 53.131310914821285 -27.81606988541861 165.60133361816406
863.0303408968902 602.5293196464611 53.137443732345 -27.820950947378776 162.48931884765625
327.2366245879248 354.6595298118491 53.14249235929196 -27.823016381964205 153.2992706298828
1553.7196309656952 1640.951866131919 53.130936128564585 -27.81229734475876 150.1979217529297
173.83253822605343 844.5637751767146 53.143937531525836 -27.81893377074645 144.6014404296875
525.7846608286345 1507.0163671644777 53.14062109498276 -27.81341348425863 144.34033203125
1825.2179611310785 1845.7124717942652 53.12837826523843 -27.81059089089532 143.0880584716797
954.3894006109139 526.9229012957438 53.13658290783299 -27.821581007598944 138.74081420898438
1097.3750085021438 817.768981766838 53.13523563734774 -27.819157290096427 133.894287109375
1812.1226775771113 1854.0962923051948 53.12850164820448 -27.810521032379025 132.45350646972656
982.2109391780049 2012.6163080105166 53.13632071371222 -27.80920023026514 129.74034118652344
1013.2728057512454 1818.1695758158485 53.13602806727466 -27.81082062019416 128.00979614257812
1773.6954847000156 1448.1047026516903 53.1288634725734 -27.813904314461237 126.25714111328125
266.5717015406202 625.5071731799641 53.143063835439705 -27.82075929008617 122.90188598632812
1227.141762987022 2036.601093372512 53.134013112757486 -27.809000344425844 119.88273620605469
387.93381689214755 989.9607673189302 53.1419201385334 -27.81772223090532 118.69942474365234
1808.8078514426231 1361.2269965014216 53.128532599404544 -27.81462827811186 118.12970733642578
946.0021560326028 1800.2313116808136 53.13666186507157 -27.810970103818722 117.59156799316406
429.4545752963862 1912.2588105682073 53.141528525460096 -27.81003643029438 113.05436706542969
1611.7239888998206 1498.5496713252612 53.13038956708561 -27.813484008981664 110.50315856933594
221.02749842347862 1879.9187143315803 53.143492245437464 -27.810305837981172 107.44107055664062
103.31075273349643 1979.3950073926953 53.144601253393446 -27.80947680403683 106.20365905761719
1142.983831038724 991.5511528860623 53.13480591147642 -27.817709102532426 103.92700958251953
927.0824364427403 909.3190572268657 53.13684018167318 -27.818394371519428 102.40296173095703
986.0154747310563 1869.6727704947893 53.13628487338112 -27.810391426486852 102.12346649169922
453.50259933961013 1471.0192455235099 53.14130213836122 -27.81371343557334 101.94096374511719
596.3137965049075 978.050425132848 53.13995674577542 -27.81782155463528 101.42359924316406
1146.2729206290285 1302.5356097109216 53.134774948536084 -27.815117565140277 101.12503814697266
1857.5187218681388 366.42627738930764 53.12807304968243 -27.822918258804506 100.69503021240234
529.395075681799 1704.3195561473312 53.14058700775068 -27.811769292180355 100.03984069824219
399.55740205892107 1069.9650248190133 53.141810582745045 -27.817055533447967 98.73416900634766
1436.1824355322578 1481.3962067261468 53.132043483865935 -27.813627010634193 96.08930969238281
659.253014980918 201.25445944504725 53.139363924632505 -27.82429487025291 95.60225677490234
496.17921536190136 653.1240129990198 53.140900358026926 -27.82052924412901 95.14137268066406
726.9618034399132 469.7526941099146 53.13872586304945 -27.822057399321245 94.78422546386719
73.88569490289342 1291.668602463141 53.1448789533392 -27.81520783969521 94.38743591308594
75.69464838099623 413.12673227508094 53.14486251184278 -27.822529022941204 90.88166046142578
77.98205344998814 124.6103676445075 53.14484115589316 -27.824933327307157 90.02598571777344
1058.713314441978 227.4615992808831 53.13559990529994 -27.824076519590857 88.98948669433594
370.20801737800764 1411.3754119409743 53.1420869552307 -27.814210434913004 87.29503631591797
1585.2954298898362 1607.4617601101575 53.13063861655614 -27.812576417959335 86.17301940917969
1705.5317963931748 67.08778529791232 53.129505020855646 -27.82541281983389 86.0898666381836
1290.0485352594694 729.9924399819175 53.13342018925287 -27.81988874036363 85.49497985839844
1020.7630970211416 10.793924234698807 53.13595750101761 -27.825882083900225 84.93181610107422
164.54315915944187 1307.977782895052 53.14402477084416 -27.81507198231064 83.20165252685547
1383.6658005901606 760.4602760188072 53.13253809960702 -27.81963482299856 82.92681121826172
1883.2140394917142 1155.9369882680264 53.12783142236655 -27.816338989052092 80.55004119873047
5.343802283851346 825.4078782435123 53.145525096757595 -27.819093302529918 80.19722747802734
1666.184539141688 823.4830718905017 53.129876135830195 -27.81910954252492 78.50176239013672
1632.4901060779594 295.28574184012734 53.13019338293478 -27.82351120037326 76.7007827758789
504.4356620626028 705.2136635455284 53.14082254260946 -27.820095166475937 74.63885498046875
1080.462861148894 789.3937554426416 53.13539498781711 -27.819393751017717 74.13995361328125
1839.3620032145916 1667.2680925643554 53.128244900901485 -27.812077920049564 73.66068267822266
1644.872007634869 1430.138754598839 53.13007722152719 -27.814054087141113 72.42459869384766
1220.6601951352825 591.3686614995336 53.13407397293863 -27.821043948781004 72.40895080566406
1661.6560258193615 1425.940013965598 53.129919082670526 -27.814089069892862 72.40059661865234
593.5268509942458 1165.3434182778108 53.139982946642505 -27.816260778931728 71.08190155029297
990.3021585330114 1647.13843209169 53.13624449156566 -27.81224587938374 70.1466064453125
817.459927669885 405.7520259451469 53.13787314774443 -27.82259075279331 69.65592193603516
1159.9712744016076 937.735492323877 53.134645847229315 -27.818157564985405 69.57909393310547
1915.5552896912982 831.8742194731019 53.127526491833784 -27.819039493991607 67.78083038330078
1913.0029635709873 348.977859218283 53.127550230206474 -27.823063631719638 67.20516204833984
1069.1002571304437 782.4501238839089 53.13550204989045 -27.819451614983006 67.1986083984375
867.6243994626365 1455.7265921468588 53.137400348479616 -27.813840970585662 66.48282623291016
861.8193958481253 47.24324160321646 53.13745520756617 -27.825578331185326 66.40190124511719
1189.9307322731402 860.3660070509873 53.13436355301082 -27.81880230780337 66.35808563232422
954.5355487949723 1757.621779875488 53.136581468934246 -27.811325183648382 65.80531311035156
1362.3432971685288 728.5913996878505 53.13273900009767 -27.81990040172655 64.92008209228516
142.68145826323087 820.6514333795614 53.14423106153165 -27.819133023011403 63.77485656738281
526.4067388812588 181.54817786020214 53.14061571078041 -27.82445905262213 63.52003479003906
1778.3920910684324 765.8849708747628 53.12881884966914 -27.819589476585037 62.97938919067383
1485.1894894924756 1928.6295016633464 53.131581896467104 -27.80990005287467 62.46571350097656
599.048088705521 452.1206927582872 53.13993114433063 -27.822204303128828 61.89909744262695
2023.1636652623301 1438.3998190952138 53.126513010819615 -27.813985049007275 61.859375
1482.4742449781697 170.96683359279098 53.13160689551038 -27.824547242451864 61.80073928833008
258.7347828070633 1261.226549604534 53.143137326697484 -27.81546162484621 61.242218017578125
594.8354781823009 875.5753189862905 53.13997070658895 -27.8186755134458 60.63168716430664
1204.7224962363834 1158.410159472815 53.134224219711534 -27.81631860489503 60.0728759765625
343.2789204095882 1015.9807784746992 53.142340872789596 -27.8175053786784 59.691497802734375
909.0081055261624 591.964755694808 53.137010508955406 -27.821038989468995 59.31828308105469
465.23832399210767 1911.2154586899474 53.14119138834778 -27.810045138085126 59.25442886352539
620.0818461966999 366.76623100540553 53.139732976952345 -27.82291559587861 58.35417938232422
1565.0790269057215 759.0856377256357 53.13082875848064 -27.81964622606299 55.32537841796875
1947.7825262502522 1945.4769573342028 53.12722358069506 -27.809759452621737 54.83661651611328
650.5528173582686 1484.7322085159574 53.13944555795668 -27.81359922034844 54.644771575927734
1356.1423111150314 612.843540736887 53.13279740035946 -27.82086496854336 54.11824035644531
969.24859933055 511.4838504948277 53.13644289722588 -27.821709666945896 53.525779724121094
666.7634626145474 1275.0957828203 53.13929287806967 -27.815346194341537 52.50407028198242
426.7762291620952 664.9844850483994 53.14155429815768 -27.8204303818927 52.435081481933594
1892.7071941038716 789.2359136474166 53.127741746831845 -27.819394826063732 52.200008392333984
648.5176315178218 1430.5897467821392 53.13946474784156 -27.814050407039613 51.468666076660156
865.6535275789619 459.2909917391212 53.13741903183928 -27.822144600372635 51.26611328125
1760.0717141986634 1279.3562316740777 53.128991744050595 -27.815310558176947 51.10169219970703
428.60122341454974 1780.0336479873245 53.14153662225453 -27.811138306303576 50.74277877807617
669.55034365707 631.2638513281474 53.13926678512131 -27.820711461057854 50.638458251953125
1430.852369609529 1113.6900000045819 53.13209359471628 -27.816691230406747 50.51061248779297
1534.1327225164337 1391.0275237868302 53.13112057880273 -27.81438005410455 50.44239807128906
1087.0119121327934 794.5849988101832 53.13533328067929 -27.81935049040616 50.32734680175781
1790.5336636387356 618.6266771019766 53.12870436583717 -27.820816623115252 49.86249923706055
1282.0746135515305 1401.841596567579 53.13349544795265 -27.81428999873827 49.225128173828125
956.9134416890748 1315.476512241329 53.13655908673327 -27.815009727627153 49.06571578979492
424.8144620961466 782.5269033418745 53.14157273183964 -27.81945086099632 49.049434661865234
136.74674944097706 454.1496059914698 53.14428721537033 -27.822187201507067 48.83747863769531
452.94558943607365 1439.2452631202275 53.141307399541304 -27.81397821855454 48.436946868896484
1546.593687984876 165.63609050839045 53.131002709737714 -27.824591645189788 48.35548400878906
1613.3677689903539 1812.988979518673 53.13037421366163 -27.810863680829698 48.01139831542969
1930.5698662032723 1757.0436595987399 53.12738562630729 -27.811329740133182 47.88932418823242
1967.931614056439 1192.690178837703 53.12703323226838 -27.816032663625354 47.6990852355957
692.0715611064915 1315.8613737504256 53.13905441570747 -27.815006486661286 47.58184051513672
754.5875416940216 1181.0835332332204 53.13846541903837 -27.81612964734927 46.25712203979492
690.1118416750332 1860.2628784042881 53.13907274868188 -27.8104698070784 45.917884826660156
895.670173054094 239.30534080557436 53.13713621809885 -27.82397781686422 45.89763641357422
1520.6333443475437 1265.9051465016933 53.1312477237093 -27.815422744921463 45.57211685180664
642.2134773751364 188.93377070794725 53.13952448756931 -27.824397538588734 45.06156539916992
712.9496979530911 960.8872719370086 53.1388577826212 -27.817964608463033 44.79296112060547
875.8853467602288 1770.3859569618144 53.1373224813233 -27.811218810036863 44.34770965576172
709.2219851636632 223.85487879783966 53.13889307369287 -27.82410654428823 43.10313415527344
188.97813025760172 4.416720856515667 53.14379533254466 -27.82593500423278 42.72159957885742
610.064198247764 1904.4804302902553 53.13982690944979 -27.810101308350724 42.60010528564453
1037.4711027678914 332.07494965529906 53.13580006625674 -27.823204742008674 42.48042297363281
653.013624630448 108.1923027887658 53.13942274189988 -27.825070386742937 42.11924362182617
363.70474033862024 36.61321562141836 53.14214888477149 -27.82566678368928 41.77656936645508
1615.8704288464187 1165.4953592433167 53.13035035752494 -27.816259459999404 41.52532196044922
1462.5483386462465 21.02467769526322 53.13179460549883 -27.825796766108553 41.473731994628906
1163.7828596486427 1318.7674585636605 53.13460997210319 -27.814982298266372 41.1321907043457
663.3299065020226 533.0714290577832 53.139325422505074 -27.821529729816028 41.04765701293945
546.9346868498237 1194.5502430094098 53.140421931035824 -27.81601737520671 41.00602722167969
1298.604821902827 1497.75422411243 53.13333972109955 -27.813490724030842 40.66713333129883
1372.6801985564841 942.380693429221 53.13264165576256 -27.818118822012103 40.48991775512695
1766.3555297144462 1783.2954899717051 53.12893280851976 -27.81111106144355 40.398738861083984
519.4473138798655 49.140755704079425 53.14068133620818 -27.825562445552922 40.21144104003906
1836.5265840025963 1849.7752638855745 53.12827172259274 -27.81055702846182 40.20576858520508
291.4549039209212 592.3974732986383 53.14282939208047 -27.82103521610543 39.931396484375
1417.0747461812798 544.2181179860629 53.13222324705606 -27.82143683293104 39.70849609375
683.807009225236 199.35666838318548 53.139132558615415 -27.824310690714395 39.492034912109375
569.5338415935225 1866.824948510348 53.14020877987752 -27.8104150927757 39.27902603149414
1145.082394290517 1454.1993690911213 53.134786178913814 -27.813853700575066 38.85835266113281
1358.5694563920067 1428.1317637978148 53.13277472789584 -27.814070899518605 38.64570236206055
2041.219573543623 862.6631706200119 53.12634246696621 -27.81878284269995 38.63086700439453
1513.0504145447435 214.35232882728633 53.13131879816657 -27.82418568739815 38.48734664916992
896.4591658523093 1754.0571930788133 53.137128643936904 -27.81135488488055 38.144493103027344
509.6907276343105 1502.329493766076 53.14077273085799 -27.81345253632697 37.56547164916992
827.595122093192 1697.4081180148123 53.13777746427043 -27.811826953369646 36.55836486816406
642.1538636634233 1064.3874620002475 53.139524807569444 -27.817102091195366 36.36772155761719
1699.698578171793 1066.4420433373964 53.1295604747487 -27.81708487031885 36.32366943359375
3.5103526116537296 375.07521289140743 53.14554270440463 -27.822846073477216 36.087615966796875
1730.3151948581335 809.020984638296 53.12927186929439 -27.81923003226358 35.982025146484375
508.28124904418075 97.03065722021745 53.140786534765134 -27.825163359405366 35.96903610229492
1835.445455091964 515.0219174053143 53.12828112541093 -27.821679973437167 35.68120574951172
2035.8821666619601 1434.3643946736952 53.12639317581518 -27.81401866936626 35.24800491333008
994.2615757880493 532.5435353665089 53.13620721101872 -27.8215341702488 35.16835403442383
1909.1905301535385 1788.5593125257237 53.127587074852514 -27.8110671219435 34.88595199584961
1973.7009313542337 146.94275362537826 53.126978155345775 -27.824747221862832 34.30658721923828
1868.593220854526 1931.0382008239858 53.12796965410087 -27.80987982035181 34.141963958740234
677.4132641781298 457.05253495720035 53.139192740786015 -27.822163223780873 34.12954330444336
1526.2760415304374 1256.2447469847998 53.131194554743395 -27.81550324644827 34.080711364746094
458.9775188723405 287.9568477696687 53.14125103786242 -27.823572290804254 33.952354431152344
662.0774840110578 452.33751858259905 53.139337244614836 -27.82220251210867 33.87614059448242
1611.6164390628269 1981.945236474819 53.13039078576558 -27.809455712709997 33.86811828613281
1043.2090331573168 1359.0506054271584 53.135746013901986 -27.814646611505655 33.72502899169922
771.787741157679 131.7415914194852 53.13830354918502 -27.824874166350227 33.138668060302734
587.0880812456387 499.6599984231408 53.14004382346447 -27.821808138955195 33.0681037902832
2006.7218510880152 963.2897374981051 53.12666758584696 -27.817944310049235 32.12834548950195
1635.3893081623303 1242.7942902868115 53.13016648352018 -27.815615294734997 31.027690887451172
180.74649734016282 1215.37212951261 53.1438721600498 -27.815843704901425 30.757112503051758
1340.8393099866298 1894.2303512889634 53.13294188591582 -27.81018674835544 30.70723533630371
638.6359707704015 198.28569774196592 53.13955819499411 -27.824319604986915 30.570703506469727
1196.5762493034003 1445.4561991689525 53.13430101004993 -27.81392655548967 30.402875900268555
756.3852429157625 1108.438135834656 53.13844849505513 -27.816735025968825 30.02777099609375
992.871463510704 428.8668197481528 53.13622031171889 -27.82239814284645 29.98273277282715
1090.4755886833984 1415.2973085900396 53.13530067459463 -27.81417788768579 29.97008514404297
1843.3150884730583 284.21207143155414 53.12820683675383 -27.82360338468251 29.90386199951172
1011.497228106139 1328.3667762243017 53.13604480047487 -27.814902310149783 29.703142166137695
610.5138498357503 2044.0483251065593 53.13982263132151 -27.80893824270447 29.46840476989746
1888.7720399580521 1757.8818965429382 53.12777943084127 -27.81132277849325 29.373247146606445
1352.9531667650367 1998.2963779410604 53.132827779484515 -27.80931952898292 29.358909606933594
1985.1204817093526 146.13853437888395 53.12687055061681 -27.82475391671031 29.269807815551758
383.4307860139503 1028.0179284616831 53.14196254933347 -27.817405086059374 29.200666427612305
1185.8421874182575 256.24920925218726 53.134402005754005 -27.823836614852105 29.134967803955078
1994.6659282864662 922.9920565191671 53.12678115102872 -27.81828013158333 29.036771774291992
1485.7570173393703 1615.3982748393837 53.13157644492581 -27.812510312891895 28.541824340820312
1850.1709841191005 1083.2762089058092 53.1281427130464 -27.81694451334735 28.532270431518555
513.1419177057523 55.95164813222618 53.14074074864313 -27.82550568606942 28.3144474029541
1071.2664381989346 1137.1872909369367 53.13548165151241 -27.816495471861252 28.275236129760742
341.103139438811 1625.5928698493333 53.14236107237858 -27.812425277013073 28.08115577697754
1328.6366095521146 1854.9430510853917 53.133056845487424 -27.810514144942545 28.033571243286133
1045.1608846442755 252.14093020290534 53.135727606763794 -27.8238708587447 28.00253677368164
1161.0899911387164 1955.9375451842313 53.13463540734402 -27.809672547830324 27.769474029541016
699.207821954124 507.3826765360461 53.138987368030314 -27.821743810617257 27.63050079345703
266.50262445360727 284.614552458237 53.14306467304489 -27.823600061849977 27.594715118408203
1465.4342649291289 2029.3840450842645 53.13176805275871 -27.809060437397783 27.326175689697266
1945.4256261033138 1274.8657363540522 53.12724533948177 -27.81534788074418 27.0451602935791
1978.1148855895124 135.75792399629563 53.12693655580854 -27.824840426085917 27.03771209716797
648.6452383618839 883.9287183826256 53.13946369390932 -27.818605915627433 27.017005920410156
2010.4486703079103 1439.7874426881972 53.12663281082418 -27.813973493549145 26.883377075195312
49.129508539904464 671.164032405628 53.14511264289883 -27.82037869580575 26.542314529418945
1763.7059250179623 1195.2544466461604 53.1289574575939 -27.816011404664877 26.3939151763916
372.24313617755047 537.930021425095 53.14206819219203 -27.82148914729811 26.30057144165039
465.4105140300002 1183.2437434281546 53.14119006005527 -27.816111569040743 26.10189437866211
103.93061974722093 1227.7367167018413 53.144595913339636 -27.8157406233682 26.095565795898438
1690.9981106115783 1756.6401745070414 53.129642784603924 -27.811333223018767 26.0751953125
558.7542556668809 685.4464298478662 53.140310737787956 -27.820259910529153 25.892318725585938
1098.6378047395483 1596.920515906414 53.13522378092812 -27.812664360597548 25.850500106811523
1876.8638302660056 1198.7850594980432 53.127891280925006 -27.815981925271736 25.830768585205078
445.7846022170022 804.4907157777117 53.141375134798466 -27.8192678371225 25.81515884399414
627.03360943476 203.78181600531286 53.139667519749615 -27.82427380109896 25.763193130493164
703.1816766435602 1348.3319260382834 53.13894972913726 -27.8147359010451 25.417875289916992
417.5858167786739 684.0621275177448 53.14164088579328 -27.820271398002458 25.369050979614258
1148.4774014463974 935.7276347291304 53.13475414497579 -27.81817429808926 25.276029586791992
983.5557655091 1653.936453142578 53.1363080539807 -27.8121892290489 25.12437629699707
1804.0256149297193 1016.2548257270671 53.12857746271519 -27.817503048568305 25.06454086303711
978.8517643499337 1796.497369792019 53.13635236907743 -27.811001221293875 24.903730392456055
1767.803194934655 12.304264257805357 53.128918216682536 -27.825869320773112 24.87535858154297
1883.003198994315 1731.2634454698996 53.12783376624086 -27.81154460209307 24.662935256958008
1544.1280489840146 1231.9118909101628 53.13102634396506 -27.815706014412307 24.564966201782227
1676.0016135772216 822.6682659878957 53.12978363589198 -27.819116328511285 24.450000762939453
172.20813303804448 1228.6721739771049 53.14395260058464 -27.815732866571302 24.261951446533203
385.69910443072354 1801.496290783364 53.14194081989825 -27.810959434030703 24.204133987426758
311.58420491540494 1986.267756628103 53.14263900614792 -27.80941963984955 24.19057273864746
678.5104386804755 1347.5368705466694 53.13918218011643 -27.81474252125183 24.186477661132812
1944.2389718706738 818.6547377748537 53.12725621656535 -27.81914963971943 24.050065994262695
2013.5208367767257 1452.4350545136172 53.12660387432629 -27.81386809484495 23.880151748657227
1928.226830716325 1730.4343422658412 53.12740768414509 -27.811551485795697 23.75352668762207
2020.43585493116 945.8058890712045 53.12653835699322 -27.818090000105173 23.6287899017334
413.7724685551824 1443.4712361614472 53.141676481666586 -27.813942987318622 23.608858108520508
868.3289839757215 117.11870392331764 53.137393860664424 -27.82499603633893 23.518564224243164
2043.935792672989 742.6564882527719 53.12631678546988 -27.81978289660181 23.342098236083984
819.3463158390161 503.1715670972444 53.13785535861636 -27.821778923537828 23.250635147094727
1748.0070759244277 1324.3702507187315 53.12910544044281 -27.814935446986876 23.202943801879883
856.7376559383197 100.84121032114228 53.137503085683136 -27.82513168091921 23.202930450439453
1090.7505619622548 492.8682121839787 53.13529803930644 -27.821864796797986 22.917882919311523
1482.996306324811 383.91084819291746 53.1316020469189 -27.822772708869763 22.846372604370117
1206.6894841150026 1145.8799465124134 53.13420568495587 -27.816423023107728 22.686357498168945
1321.442015421771 1412.2327802179375 53.13312453464026 -27.814203398549747 22.651723861694336
1999.6581789547636 1017.067686313304 53.12673417920448 -27.817496164904888 22.521394729614258
1847.0705820164349 290.9988307333148 53.128171453891156 -27.823546826383424 22.518821716308594
1842.9229038597623 294.5793924575937 53.128210538332674 -27.823516990547898 22.476211547851562
554.4034385553985 1948.3691449873 53.14035130418256 -27.809735553349064 22.41802978515625
60.0551240170995 233.52513469661778 53.14501000217925 -27.8240256933218 22.395753860473633
720.4693744573034 1686.4378259216492 53.138786771387004 -27.811918355348855 22.35932159423828
675.2669744643154 1320.0206266025557 53.13921274676275 -27.814971822563944 22.34877586364746
1064.6393139474883 1138.7797853477482 53.135544092899714 -27.81648220126077 22.342391967773438
1432.2245833745906 630.474487307157 53.13208052294074 -27.820718025975577 22.30679702758789
1482.868888756517 1014.0526038124777 53.131603456613405 -27.81752152764072 22.229829788208008
1915.8947279235529 586.3012928241382 53.12752313516582 -27.821085934826915 22.189285278320312
353.7305672725091 1820.6214318878565 53.14224200560714 -27.81080004448531 22.162805557250977
562.7246489923806 200.92201189341688 53.14027348871866 -27.8242976151464 22.110427856445312
42.944338053494675 909.4828013342641 53.14517075313435 -27.818392702224262 22.005416870117188
205.60923859670595 1947.0916775396477 53.14363746959498 -27.80974605531128 21.964248657226562
897.4830290774571 46.29403467832867 53.13711915369388 -27.82558624453617 21.941814422607422
680.6973965463544 1223.4553076660459 53.139161605541524 -27.81577653475426 21.910749435424805
595.0766792274402 1027.856414816537 53.13996838669738 -27.81740650438343 21.58501434326172
1124.2416721395066 1138.5164068535796 53.13498251435171 -27.816484393396756 21.49717140197754
1240.7371897067687 216.14028420313048 53.133884739018406 -27.824170849242634 21.483076095581055
363.5154561295942 1670.2647658684766 53.142149888168376 -27.81205302084332 21.440914154052734
473.9977099482686 822.2960063532537 53.14110929458015 -27.81911946988045 21.31573486328125
633.519950828949 1209.3596423485417 53.13960611656956 -27.81589398756317 20.999940872192383
386.17844680762414 884.4597006422265 53.14193672662569 -27.818601405740928 20.995777130126953
360.9498309742148 55.09933371160105 53.142174835094984 -27.82551273154312 20.986427307128906
287.77207040154883 253.84578836611604 53.14286427374897 -27.823856478373852 20.723308563232422
517.9388897759184 225.44011842077327 53.140695485378686 -27.824093283738932 20.684598922729492
67.546936199421 1981.3177804447193 53.14493820006544 -27.809460759469623 20.548236846923828
693.7714916898121 1755.1135938350585 53.13903829415889 -27.811346051880694 20.49329376220703
596.61736130339 1309.956037882519 53.13995378296157 -27.815055674620226 20.45813751220703
1269.9864327658627 1039.0263422822766 53.13360927699935 -27.817313461133075 20.44251823425293
815.6563326523163 1906.12789980173 53.137889916307 -27.81008762033343 20.35013771057129
401.37351244433 1419.6014162171823 53.14179331370688 -27.81414189759603 20.317934036254883
1137.8311144387455 610.187015735648 53.13485442997249 -27.820887137387537 20.31435775756836
630.3733186574351 116.99899522363705 53.139636075168255 -27.824996992103706 20.307939529418945
991.3199396700247 542.7244126775927 53.136234928415334 -27.821449329546223 20.297653198242188
796.0492325838794 1718.7752995380092 53.13807467608289 -27.811648889246122 20.225324630737305
412.2560490782056 988.3472768675563 53.14169097047536 -27.817735686363463 20.197629928588867
893.4213346847018 637.32307730395 53.1371573707266 -27.820661002232935 20.162904739379883
628.943432051085 1803.8327418074812 53.13964906688913 -27.810940043956172 20.1500244140625
883.6302192930242 350.54844214167747 53.13724965611429 -27.823050789995705 20.061925888061523
1828.5918220624255 1173.9535700118286 53.12834608737633 -27.81618887993026 20.000402450561523
98.2873313810801 1710.1316317880537 53.14464876165418 -27.811720662477157 19.950422286987305
415.28305032466085 1580.284249993878 53.141662188956154 -27.812802879470183 19.932756423950195
108.51659119183728 936.9258088211491 53.1445528967205 -27.818164050263952 19.869958877563477
604.3571126592396 365.0277877431208 53.13988114604492 -27.822930078763786 19.83776092529297
1318.2984654701334 1224.8331530239295 53.13315411293972 -27.81576506269963 19.703672409057617
901.8912488900048 166.5807908269736 53.13707760496455 -27.824583855270248 19.625261306762695
988.4705457323876 2034.902972710118 53.13626173854486 -27.809014508217935 19.62472152709961
812.2549632309822 1295.8545512853289 53.13792205584176 -27.815173231072087 19.619792938232422
1494.6421822963748 786.7402742075095 53.131492449214456 -27.819415793548433 19.542280197143555
1476.8924817709608 1395.3351205163792 53.13165989222605 -27.814344175089015 19.459819793701172
292.73802162017626 1270.8778425952944 53.14281694317845 -27.81538121367511 19.3716983795166
1906.499526326094 1006.7932639568459 53.12761192963843 -27.817581840440663 19.284034729003906
1059.6756163716675 719.0978066182167 53.135590850457696 -27.819979551202806 19.272905349731445
1778.0010896631275 190.62853964845215 53.128822220173014 -27.82438328029733 19.248933792114258
788.5121476492652 155.22116296052536 53.13814595421632 -27.824678505866295 19.163776397705078
1080.791525147127 1616.4428789503893 53.13539192499457 -27.812501674989868 18.989208221435547
579.2680712464628 952.5810118589103 53.140117362230654 -27.81803379499018 18.988784790039062
1957.199233593958 657.8743009045713 53.12713399237795 -27.820489468993852 18.59140396118164
349.4518442459448 1781.413374696162 53.142282337113585 -27.811126776449697 18.580656051635742
273.1155680165833 108.18542669844169 53.143002457042144 -27.825070307722367 18.569438934326172
652.5376107457164 178.74651615411665 53.139427208345474 -27.82448243486259 18.4195613861084
1350.759164723894 179.08192274964802 53.13284802037975 -27.824479649790995 18.296457290649414
1600.526954403903 1777.779577965407 53.130495179981246 -27.811157097289986 18.2722110748291
1152.8482450987337 1099.5188121928086 53.134712977130114 -27.816809371256706 18.26876449584961
365.96796405229156 1521.2201916224071 53.14212685228009 -27.813295059979875 18.26559066772461
1932.6702397580113 1155.412113618804 53.127365442085946 -27.816343335051897 18.154935836791992
1650.083067802826 949.9433217032426 53.13002790619221 -27.818055713645965 18.116552352905273
1542.8477888874463 978.6033585854416 53.13103831156929 -27.81781691926543 17.78021812438965
785.6840039737385 476.4469536602237 53.13817254788109 -27.822001623879483 17.580163955688477
1889.6933002382352 1938.3003932589927 53.127770863979215 -27.809819290547917 17.504037857055664
1250.0498378599082 1140.543890957059 53.133797139336224 -27.816467484570556 17.454099655151367
1466.6655609460104 1465.8075664976216 53.13175627180833 -27.813756907637618 17.452463150024414
193.01237348379993 1952.0219390428447 53.14375614801217 -27.809704963158545 17.44091796875
1471.6512674628975 959.291234480504 53.13170913328883 -27.81797787563548 17.438201904296875
1163.6848137162954 1044.4240818841333 53.13461086817937 -27.817268493078718 17.397737503051758
312.9235978331517 752.9052373229208 53.14262702119687 -27.819697661329407 17.335773468017578
1511.2444847888155 1460.1887501796368 53.13133625392962 -27.81380371785352 17.324987411499023
1607.0382089854777 676.9073766462614 53.130433369307546 -27.82033102981762 17.309322357177734
534.3704571033218 142.38224530953016 53.14054068430058 -27.824785437901813 17.30359649658203
851.5353919684135 298.6186951543135 53.13755208109826 -27.82348353467144 17.184741973876953
1254.8428771353838 207.50039235117413 53.133751823169185 -27.824242846321052 17.119476318359375
1150.7579948853029 1267.4882973256929 53.134732687100865 -27.815409625719226 17.102214813232422
269.2884357480341 791.4202393616276 53.14303814658547 -27.819376682528713 17.09691619873047
314.1792104117185 38.0771554185186 53.1426155572745 -27.825654562486722 17.090360641479492
416.3479905371114 1796.8160050826223 53.14165206021028 -27.81099844861791 16.91837501525879
1504.8437942503306 1594.8944609450318 53.13139660712769 -27.812681172254393 16.80030059814453
1120.724555586806 1411.0465167162959 53.13501567198553 -27.814213309373013 16.6800594329834
962.0251329826192 606.2082113957858 53.13651095637654 -27.82092029700575 16.6700439453125
665.800870096121 624.7893150335158 53.13930211603551 -27.820765414672184 16.629268646240234
772.1955784234835 775.4586945417867 53.13829958899831 -27.819509857268734 16.626895904541016
1190.1065047179593 1068.4686318119807 53.13436192182688 -27.81706811924596 16.5972843170166
1183.264303699828 1864.5607421798632 53.13442648164948 -27.810434019075235 16.568727493286133
359.00545850934657 1770.7381423767788 53.142192331713325 -27.81121574080836 16.302095413208008
967.2033649377823 562.7629843675982 53.13646216642131 -27.82128234075948 16.301891326904297
295.7407988437013 12.506305658561473 53.1427893137095 -27.82586764441392 16.286787033081055
270.66345149993526 783.3654747130506 53.14302519511167 -27.81944380622994 16.28321647644043
1631.287948964382 1413.0830721510906 53.13020520134088 -27.81419622316079 16.17690658569336
162.08347539304168 837.5292102109139 53.14404823908466 -27.818992385688194 16.12055015563965
50.46008360755832 290.3809596934726 53.14510037372394 -27.823551888846126 16.117692947387695
591.647896136953 1205.4870634889771 53.14000063773081 -27.815926248037634 16.089017868041992
118.09287483853393 222.87547367573495 53.14446313451374 -27.824114475204635 16.057737350463867
923.3711743067223 738.9061563022465 53.13687516251875 -27.819814478791244 15.98340129852295
1153.2263955471624 972.470885259739 53.134709402282276 -27.8178681039497 15.871867179870605
151.57684686803907 815.0076602825144 53.1441472499334 -27.81918005944191 15.856889724731445
1360.9580790167513 30.107123591195887 53.1327518819559 -27.82572110426138 15.743490219116211
733.1852770132897 1613.0249346414835 53.13866698153384 -27.812530131853112 15.722305297851562
1758.1702292589202 1867.9558471812047 53.12900997224349 -27.810405562344968 15.642742156982422
1955.0280964016993 1408.5839576045098 53.12715495514382 -27.814233556561927 15.581155776977539
449.062854041317 190.57381190124568 53.14134450127198 -27.824383812474075 15.466023445129395
1638.594901425904 730.5357808508036 53.13013605274286 -27.819884114366523 15.404324531555176
630.5774121395773 1499.9000815270563 53.13963375862551 -27.813472816510195 14.925739288330078
334.37041953121013 1086.3846708725437 53.142424775132156 -27.816918675675396 14.916422843933105
536.6026693093183 1359.6926650334012 53.14051922157666 -27.814641185176768 14.907228469848633
1808.8174901739717 1770.1633953806836 53.12853274062985 -27.811220474833572 14.906379699707031
403.9575404928638 2006.325097721417 53.141768704280295 -27.809252534687587 14.845099449157715
373.3340279120059 546.210776754808 53.14205790934659 -27.821420141458816 14.835439682006836
529.2917880801756 1481.3002680733593 53.14058806066122 -27.81362778619594 14.828618049621582
1220.4931432648377 815.6063541109068 53.134075578842335 -27.819175301368787 14.746086120605469
699.1748816067428 381.0912916753323 53.138987708076684 -27.822796238808568 14.725397109985352
933.1805042950167 1876.1065553368933 53.13678266065973 -27.81033780943861 14.659590721130371
654.2912910623432 1348.1016730254198 53.13941037119438 -27.81473780902656 14.613163948059082
1927.9410308472557 1775.3634868934269 53.1274104062163 -27.81117707643067 14.55020809173584
561.2751575426801 105.19254281143753 53.140287178967654 -27.825095360278592 14.536881446838379
332.7304329039612 21.578081885831466 53.142440759550524 -27.825792063076282 14.465869903564453
1276.998106021384 1434.5168728967699 53.133543284253236 -27.81401770559948 14.4573392868042
1724.7703052717245 338.7483435993139 53.129323876736926 -27.8231489733895 14.393890380859375
1453.6006612028505 628.4762460045403 53.131879107226275 -27.820734672258965 14.349202156066895
699.0271500823026 1.319816996060922 53.13898918934518 -27.825961001015113 14.338201522827148
1718.2945459520938 1435.7176134311212 53.129385446352124 -27.814007565779526 14.276337623596191
1130.2240783145573 105.7134977820399 53.13492606827567 -27.82509108386385 14.238323211669922
917.9882120165092 778.9149736419084 53.13692587974044 -27.819481071624917 14.23631477355957
1240.9573294512127 1016.5124751176485 53.133882790261204 -27.81750108098972 14.172883033752441
1983.286534669298 1154.4024555105543 53.126888530935275 -27.816351718638483 14.115533828735352
907.8715816551388 166.2103995781075 53.137021253583455 -27.824586942319648 14.08449935913086
545.7121262453775 217.1424273860822 53.14043378809272 -27.82416243990711 14.03165340423584
633.9909040757659 1308.961663234354 53.1396016511449 -27.815063970842665 14.026508331298828
1531.325858591136 1012.4102342947967 53.13114688591943 -27.81753519908284 14.024624824523926
521.1835835966706 1802.1489744906946 53.14066433821132 -27.810954044421237 14.02275562286377
464.13394530940366 1561.2032895406137 53.141201934957344 -27.812961905722187 14.011695861816406
567.1252707899599 1185.654631701933 53.14023169737675 -27.816091511329827 14.01142406463623
1776.214156897411 828.0273385791068 53.128839404738834 -27.81907162457465 14.003250122070312
1856.5126564511738 348.89863669422346 53.12808251892675 -27.82306432301029 13.917009353637695
196.29027555810626 1946.7601882602398 53.143725268414336 -27.80974881281847 13.867401123046875
1468.8561291001838 776.2127150779856 53.131735410794505 -27.81950353075656 13.715862274169922
406.92314246391607 278.2667972618103 53.141741535004606 -27.823653021543233 13.702497482299805
1552.07294115491 381.186705651687 53.1309511622024 -27.82279538825061 13.657504081726074
1490.2284950566534 571.1949239260556 53.13153396381045 -27.82121200611313 13.569683074951172
1340.2305687587548 1339.9986796169578 53.132947494479346 -27.814805345699455 13.50327205657959
1942.6767980138836 1837.8896012182154 53.127271612868704 -27.810656016905135 13.470312118530273
911.8716948023907 52.15304023949807 53.13698357060987 -27.82553742058916 13.348766326904297
544.3741288444197 1354.435680775283 53.140446001283436 -27.814684995781395 13.346745491027832
1118.391681639385 377.5123249755835 53.135037581523385 -27.822826094426382 13.341740608215332
170.54347028111954 1051.119511195117 53.14396839463757 -27.817212471171825 13.19858169555664
691.1325173510002 145.73809881120667 53.13906354498061 -27.824757513696966 13.16813850402832
66.84804857446181 322.49182883996855 53.144945932637505 -27.823284308395753 13.166900634765625
893.9205730416465 309.90066479560335 53.137152697477475 -27.823389522360145 13.121910095214844
1258.9667832414802 1735.7412089718168 53.133713224238846 -27.811507505630832 13.0338773727417
70.26996586928567 399.6798096497994 53.14491363578562 -27.82264107732757 13.017289161682129
1582.6439888705524 1226.0394487334588 53.13066344370171 -27.815754938145492 13.01643180847168
1096.3061901693095 998.2100995622346 53.13524571752776 -27.81765361416523 12.987865447998047
1917.3747565579326 321.8716911504248 53.12750901879076 -27.82328951395668 12.96423625946045
2032.2663460268132 693.6394463804752 53.12642670359903 -27.82019137951297 12.859588623046875
1196.3622893302381 1071.855878200257 53.134302979392054 -27.81703989151572 12.814446449279785
952.1132710387046 1993.2912967959219 53.136604278510966 -27.809361270928374 12.71765422821045
1004.4941995117831 1587.7400396319035 53.1361107789928 -27.81274086622528 12.693263053894043
1632.9857954144816 699.0641912144408 53.13018889001715 -27.82014637980639 12.62736988067627
818.500927968448 383.83447891196204 53.13786334205562 -27.822773399154155 12.585062980651855
337.2852861134827 1356.1010315842764 53.14239717697894 -27.814671040635364 12.551250457763672
1322.0944280492754 1693.3798380834958 53.13311844827533 -27.811860506293662 12.538497924804688
927.7522164135664 366.7934907339056 53.13683390859606 -27.822915417931107 12.535158157348633
153.79993793360768 648.97489918514 53.14412640773274 -27.820563667006464 12.528964042663574
473.86764477326676 1570.59618584505 53.141110222444134 -27.812883635041192 12.507332801818848
384.12753431971373 213.49240495562753 53.14195636133349 -27.82419279897163 12.492416381835938
876.9742651585768 1050.1481619143028 53.13731229850112 -27.817220791738833 12.485336303710938
1430.7686708735591 1655.6610316715223 53.1320945427297 -27.81217480518951 12.448262214660645
917.8497447056428 937.9045311089824 53.136927172224055 -27.818156158637652 12.44268798828125
1701.3444088632477 1549.9269073522214 53.129545204287254 -27.81305582910686 12.438817977905273
55.490315757528606 1144.9619228984059 53.145052376875405 -27.816430384057508 12.367359161376953
633.873174968571 265.89956125650065 53.13960305462812 -27.82375615495158 12.294163703918457
1811.4480004861616 1778.2577898893753 53.1285079615456 -27.811153020225262 12.28919792175293
649.3008621682995 1503.4819211301024 53.139457348593105 -27.813442972444903 12.28762435913086
952.3628876090861 931.1693932728076 53.136601981768656 -27.81821228674833 12.281943321228027
1990.0182564324487 1259.3032618228865 53.12682517742356 -27.815477541120213 12.267269134521484
876.522217069592 1761.908620016276 53.137316481871366 -27.81128945457074 12.187906265258789
1998.1281984232623 766.6215759866418 53.12674841853983 -27.819583216750342 12.178580284118652
348.07010611807186 1893.0216913769061 53.142295300785946 -27.81019670656629 12.156753540039062
296.42151661757475 638.1822129980309 53.142782570180145 -27.820653678931173 12.113520622253418
1787.850861318474 4.6975897825417405 53.12872930532185 -27.825932700057244 12.103955268859863
1665.421555248579 1932.9243993946984 53.129883839421176 -27.809864198538268 12.09647274017334
1725.4855967457215 1374.8812272085465 53.12931766234429 -27.814514532450858 12.064557075500488
1554.9382382644721 1796.5821968037328 53.13092470692503 -27.81100042494154 12.044118881225586
925.6534444554212 780.5473622575475 53.136853655152585 -27.819467468887375 12.010726928710938
1387.678131250298 1026.806666678379 53.13250036402644 -27.817415268820024 12.004302024841309
1854.0235281383625 1784.2182614383241 53.12810683454255 -27.811103327616284 12.00322437286377
370.170723249135 1676.9348789171925 53.1420871810761 -27.811997439365015 12.001630783081055
1552.4232142850638 2043.2008081984325 53.13094849671609 -27.808945270741138 11.9991455078125
709.4336758720019 982.8108761486467 53.13889090634829 -27.81778191105816 11.983856201171875
490.9653617285936 106.70389521368838 53.140949695854054 -27.82508274328188 11.972643852233887
993.7867001659893 689.4426594381225 53.13621168211786 -27.82022667754388 11.950387001037598
312.9419711335987 1185.0405469657626 53.14262662589727 -27.816096533783444 11.909601211547852
959.2772452733404 410.9197134793998 53.13653685740827 -27.822547701034356 11.893783569335938
974.1225393274922 1332.9711916201434 53.13639694270759 -27.814863939276147 11.833025932312012
1234.0896597312324 33.61139385131071 53.13394734931925 -27.82569192420941 11.786569595336914
945.5080138204952 146.590383855578 53.136666614538015 -27.824750444790883 11.745182037353516
1742.5965641745024 1749.0110579528937 53.129156638643515 -27.811396776134256 11.740630149841309
1550.8765471769261 391.26065582955664 53.130962439222536 -27.8227114390705 11.725464820861816
241.5604395203975 982.9042499515219 53.14329930076848 -27.817780968824785 11.656437873840332
863.2668968907979 1022.8277358418163 53.13744145455371 -27.81744846060713 11.622395515441895
1404.6926698160396 271.2639166390487 53.13233984222223 -27.823711454316587 11.587576866149902
1479.5927562348538 334.6867136431978 53.1316341011001 -27.823182910981597 11.539798736572266
381.6411880839174 2024.2817676977897 53.14197894852714 -27.809102886770052 11.397274017333984
1695.5697779404054 446.55604786417393 53.12959907585305 -27.822250588683566 11.386937141418457
1058.3304238461649 1102.1230524675761 53.135603534893235 -27.816787674185935 11.353837966918945
1082.5646321467207 1003.4313381631744 53.135375193283394 -27.817610104418605 11.34503173828125
42.6723387230594 202.95767235239566 53.14517381733919 -27.82428041135265 11.332683563232422
424.1987529658272 1309.922463413614 53.141578304535 -27.815055897783243 11.317710876464844
1034.54334391701 1392.5895342240542 53.13582766164451 -27.814367120515495 11.276182174682617
532.7177024670663 240.1433377112745 53.14055622315528 -27.823970761627884 11.25820255279541
950.2141480372062 152.51924537764364 53.13662226924514 -27.82470103784156 11.14915943145752
911.3514822972409 58.41828237054631 53.13698847199506 -27.825485210201716 11.142803192138672
1061.3736910216742 1926.9890804462752 53.135574883177426 -27.809913790593043 11.104035377502441
31.51352613738777 284.9965926012935 53.14527890529581 -27.8235967466571 11.077566146850586
240.53911711348496 1148.9001613871721 53.1433088298361 -27.81639766906302 11.061929702758789
1463.1416279730552 7.417701718562512 53.13178901067517 -27.825910157405733 11.05681324005127
510.14292891294826 595.0772863745796 53.14076880738665 -27.821012971499137 10.969095230102539
1865.3711760178408 843.2509195877224 53.127999348903714 -27.818944715967557 10.939794540405273
1291.8264295796614 1436.6407088828441 53.13340357409957 -27.814000004497263 10.92994213104248
1657.853758970155 1723.0364785007887 53.12995504331746 -27.81161326759711 10.9207124710083
718.0064968096817 454.6016618049774 53.13881024840087 -27.822183656195687 10.847281455993652
763.964211582312 780.2061374036737 53.13837714691205 -27.819470293897687 10.843337059020996
53.63675308792256 716.3567036641614 53.14507014202107 -27.82000209302142 10.825146675109863
183.85564101217278 320.17594693192825 53.14384340943665 -27.823303674670946 10.750362396240234
571.6173097555844 594.5857410297311 53.14018956649613 -27.82101708670616 10.723103523254395
2012.742340170846 1075.6308865147837 53.12661093983549 -27.81700813002454 10.66176986694336
689.8710012849974 1582.64042846948 53.13907508484038 -27.8127833274155 10.595013618469238
303.54213853457054 538.5341219581062 53.14271552840718 -27.821484082978035 10.590164184570312
1709.6984351561302 731.8096010655719 53.129466088802076 -27.81987346963225 10.559882164001465
827.8198040387797 382.2425169252682 53.137775533945124 -27.822786666701077 10.556964874267578
496.9064002857301 184.39001367440437 53.14089368483417 -27.824435360988904 10.514450073242188
1120.3202593246288 1890.1869705675406 53.13501951458678 -27.810220472317816 10.463234901428223
501.9002527123216 837.6441800282257 53.14084638225254 -27.818991577999604 10.454853057861328
506.7183581448744 523.1771481643118 53.14080110222664 -27.82161213818335 10.424711227416992
610.8909604253635 54.17808293594578 53.13981967277927 -27.825520494667956 10.419245719909668
1145.3051121297547 338.15939080368 53.134783982606926 -27.82315403368473 10.409777641296387
362.2579985395955 1818.0577817198682 53.14216166484992 -27.810821411867256 10.385191917419434
712.513782815206 235.2290899768119 53.1388620533534 -27.824011759855825 10.30083179473877
1891.496988009903 1373.5284494359676 53.12775351629997 -27.814525722323552 10.290047645568848
410.52324837429694 924.4329698649601 53.141707325612 -27.818268304906844 10.237113952636719
542.1238487479629 209.06087213605758 53.14046760235827 -27.824229785097742 10.201302528381348
1282.2357003825512 663.7526875121674 53.13349379239318 -27.82044073960902 10.197771072387695
1765.791494910983 1613.6040867224767 53.12893803163458 -27.812525156714024 10.193864822387695
369.5841954874743 372.33704208840334 53.14209332447683 -27.82286908766439 10.159120559692383
96.33562039294475 1214.4689452218267 53.14466748248376 -27.815851183642224 10.132179260253906
967.6944497927957 591.5663549048736 53.13645753800043 -27.821042312690473 10.129131317138672
528.3140746494757 1412.098999997318 53.14059729731974 -27.81420446311624 10.079370498657227
255.8151469829869 917.3754703323441 53.143165026486294 -27.818327049051643 10.056262969970703
1826.104559954104 798.6375943855725 53.12836930483558 -27.819316514310145 10.047822952270508
453.54391244017074 1976.4162807747534 53.14130154067412 -27.809501793692025 10.043413162231445
1870.375219207725 1539.9748228380124 53.12795262568301 -27.813138680804485 10.032756805419922
1863.19974072006 515.0918980671703 53.12801960968146 -27.821679375613723 10.014439582824707
1242.6556323518637 644.8949173111589 53.133866729800445 -27.820597893729666 10.007440567016602
